1.544401515275239944e-02
2.702702768146991730e-02
5.405405536293983459e-02
4.826254770159721375e-02
2.702702768146991730e-02
5.405405536293983459e-02
4.826254770159721375e-02
3.281853348016738892e-02
5.405405536293983459e-02
4.826254770159721375e-02
3.281853348016738892e-02
5.984555929899215698e-02
4.826254770159721375e-02
3.281853348016738892e-02
5.984555929899215698e-02
8.494208753108978271e-02
3.281853348016738892e-02
5.984555929899215698e-02
8.494208753108978271e-02
8.494208753108978271e-02
5.984555929899215698e-02
8.494208753108978271e-02
8.494208753108978271e-02
6.177606061100959778e-02
8.494208753108978271e-02
8.494208753108978271e-02
6.177606061100959778e-02
2.895752899348735809e-02
8.494208753108978271e-02
6.177606061100959778e-02
2.895752899348735809e-02
0.000000000000000000e+00
6.177606061100959778e-02
2.895752899348735809e-02
0.000000000000000000e+00
2.702702768146991730e-02
2.895752899348735809e-02
0.000000000000000000e+00
2.702702768146991730e-02
2.123552188277244568e-02
0.000000000000000000e+00
2.702702768146991730e-02
2.123552188277244568e-02
4.247104376554489136e-02
2.702702768146991730e-02
2.123552188277244568e-02
4.247104376554489136e-02
7.142857462167739868e-02
2.123552188277244568e-02
4.247104376554489136e-02
7.142857462167739868e-02
5.984555929899215698e-02
4.247104376554489136e-02
7.142857462167739868e-02
5.984555929899215698e-02
4.054053872823715210e-02
7.142857462167739868e-02
5.984555929899215698e-02
4.054053872823715210e-02
8.687258511781692505e-02
5.984555929899215698e-02
4.054053872823715210e-02
8.687258511781692505e-02
1.274131238460540771e-01
4.054053872823715210e-02
8.687258511781692505e-02
1.274131238460540771e-01
1.274131238460540771e-01
8.687258511781692505e-02
1.274131238460540771e-01
1.274131238460540771e-01
1.042471006512641907e-01
1.274131238460540771e-01
1.274131238460540771e-01
1.042471006512641907e-01
5.598455667495727539e-02
1.274131238460540771e-01
1.042471006512641907e-01
5.598455667495727539e-02
1.930501870810985565e-02
1.042471006512641907e-01
5.598455667495727539e-02
1.930501870810985565e-02
6.949806958436965942e-02
5.598455667495727539e-02
1.930501870810985565e-02
6.949806958436965942e-02
7.915057986974716187e-02
1.930501870810985565e-02
6.949806958436965942e-02
7.915057986974716187e-02
8.880309015512466431e-02
6.949806958436965942e-02
7.915057986974716187e-02
8.880309015512466431e-02
1.428571492433547974e-01
7.915057986974716187e-02
8.880309015512466431e-02
1.428571492433547974e-01
1.138996109366416931e-01
8.880309015512466431e-02
1.428571492433547974e-01
1.138996109366416931e-01
1.312741339206695557e-01
1.428571492433547974e-01
1.138996109366416931e-01
1.312741339206695557e-01
1.428571492433547974e-01
1.138996109366416931e-01
1.312741339206695557e-01
1.428571492433547974e-01
1.833976805210113525e-01
1.312741339206695557e-01
1.428571492433547974e-01
1.833976805210113525e-01
1.833976805210113525e-01
1.428571492433547974e-01
1.833976805210113525e-01
1.833976805210113525e-01
1.544401496648788452e-01
1.833976805210113525e-01
1.833976805210113525e-01
1.544401496648788452e-01
1.119691133499145508e-01
1.833976805210113525e-01
1.544401496648788452e-01
1.119691133499145508e-01
8.108107745647430420e-02
1.544401496648788452e-01
1.119691133499145508e-01
8.108107745647430420e-02
1.196911185979843140e-01
1.119691133499145508e-01
8.108107745647430420e-02
1.196911185979843140e-01
1.293436288833618164e-01
8.108107745647430420e-02
1.196911185979843140e-01
1.293436288833618164e-01
1.467181444168090820e-01
1.196911185979843140e-01
1.293436288833618164e-01
1.467181444168090820e-01
1.718146651983261108e-01
1.293436288833618164e-01
1.467181444168090820e-01
1.718146651983261108e-01
1.486486494541168213e-01
1.467181444168090820e-01
1.718146651983261108e-01
1.486486494541168213e-01
1.525096595287322998e-01
1.718146651983261108e-01
1.486486494541168213e-01
1.525096595287322998e-01
2.200772166252136230e-01
1.486486494541168213e-01
1.525096595287322998e-01
2.200772166252136230e-01
2.432432472705841064e-01
1.525096595287322998e-01
2.200772166252136230e-01
2.432432472705841064e-01
2.664092779159545898e-01
2.200772166252136230e-01
2.432432472705841064e-01
2.664092779159545898e-01
2.027027010917663574e-01
2.432432472705841064e-01
2.664092779159545898e-01
2.027027010917663574e-01
1.679536700248718262e-01
2.664092779159545898e-01
2.027027010917663574e-01
1.679536700248718262e-01
1.312741339206695557e-01
2.027027010917663574e-01
1.679536700248718262e-01
1.312741339206695557e-01
1.737451702356338501e-01
1.679536700248718262e-01
1.312741339206695557e-01
1.737451702356338501e-01
1.776061803102493286e-01
1.312741339206695557e-01
1.737451702356338501e-01
1.776061803102493286e-01
1.776061803102493286e-01
1.737451702356338501e-01
1.776061803102493286e-01
1.776061803102493286e-01
2.548262476921081543e-01
1.776061803102493286e-01
1.776061803102493286e-01
2.548262476921081543e-01
2.528957426548004150e-01
1.776061803102493286e-01
2.548262476921081543e-01
2.528957426548004150e-01
2.413127422332763672e-01
2.548262476921081543e-01
2.528957426548004150e-01
2.413127422332763672e-01
2.683397829532623291e-01
2.528957426548004150e-01
2.413127422332763672e-01
2.683397829532623291e-01
3.088802993297576904e-01
2.413127422332763672e-01
2.683397829532623291e-01
3.088802993297576904e-01
3.243243098258972168e-01
2.683397829532623291e-01
3.088802993297576904e-01
3.243243098258972168e-01
2.567567527294158936e-01
3.088802993297576904e-01
3.243243098258972168e-01
2.567567527294158936e-01
2.065637111663818359e-01
3.243243098258972168e-01
2.567567527294158936e-01
2.065637111663818359e-01
1.467181444168090820e-01
2.567567527294158936e-01
2.065637111663818359e-01
1.467181444168090820e-01
1.872586905956268311e-01
2.065637111663818359e-01
1.467181444168090820e-01
1.872586905956268311e-01
1.930501908063888550e-01
1.467181444168090820e-01
1.872586905956268311e-01
1.930501908063888550e-01
1.621621549129486084e-01
1.872586905956268311e-01
1.930501908063888550e-01
1.621621549129486084e-01
2.528957426548004150e-01
1.930501908063888550e-01
1.621621549129486084e-01
2.528957426548004150e-01
2.374517321586608887e-01
1.621621549129486084e-01
2.528957426548004150e-01
2.374517321586608887e-01
2.509652376174926758e-01
2.528957426548004150e-01
2.374517321586608887e-01
2.509652376174926758e-01
3.088802993297576904e-01
2.374517321586608887e-01
2.509652376174926758e-01
3.088802993297576904e-01
3.822393715381622314e-01
2.509652376174926758e-01
3.088802993297576904e-01
3.822393715381622314e-01
3.648648560047149658e-01
3.088802993297576904e-01
3.822393715381622314e-01
3.648648560047149658e-01
2.992278039455413818e-01
3.822393715381622314e-01
3.648648560047149658e-01
2.992278039455413818e-01
2.413127422332763672e-01
3.648648560047149658e-01
2.992278039455413818e-01
2.413127422332763672e-01
1.911196857690811157e-01
2.992278039455413818e-01
2.413127422332763672e-01
1.911196857690811157e-01
2.413127422332763672e-01
2.413127422332763672e-01
1.911196857690811157e-01
2.413127422332763672e-01
2.664092779159545898e-01
1.911196857690811157e-01
2.413127422332763672e-01
2.664092779159545898e-01
2.490347474813461304e-01
2.413127422332763672e-01
2.664092779159545898e-01
2.490347474813461304e-01
3.146718144416809082e-01
2.664092779159545898e-01
2.490347474813461304e-01
3.146718144416809082e-01
3.185328245162963867e-01
2.490347474813461304e-01
3.146718144416809082e-01
3.185328245162963867e-01
3.204633295536041260e-01
3.146718144416809082e-01
3.185328245162963867e-01
3.204633295536041260e-01
4.073359072208404541e-01
3.185328245162963867e-01
3.204633295536041260e-01
4.073359072208404541e-01
5.019304752349853516e-01
3.204633295536041260e-01
4.073359072208404541e-01
5.019304752349853516e-01
4.691119790077209473e-01
4.073359072208404541e-01
5.019304752349853516e-01
4.691119790077209473e-01
4.015443921089172363e-01
5.019304752349853516e-01
4.691119790077209473e-01
4.015443921089172363e-01
3.281853199005126953e-01
4.691119790077209473e-01
4.015443921089172363e-01
3.281853199005126953e-01
2.567567527294158936e-01
4.015443921089172363e-01
3.281853199005126953e-01
2.567567527294158936e-01
3.359073400497436523e-01
3.281853199005126953e-01
2.567567527294158936e-01
3.359073400497436523e-01
3.474903404712677002e-01
2.567567527294158936e-01
3.359073400497436523e-01
3.474903404712677002e-01
3.339768350124359131e-01
3.359073400497436523e-01
3.474903404712677002e-01
3.339768350124359131e-01
4.111969172954559326e-01
3.474903404712677002e-01
3.339768350124359131e-01
4.111969172954559326e-01
4.034748971462249756e-01
3.339768350124359131e-01
4.111969172954559326e-01
4.034748971462249756e-01
4.131274223327636719e-01
4.111969172954559326e-01
4.034748971462249756e-01
4.131274223327636719e-01
5.212355256080627441e-01
4.034748971462249756e-01
4.131274223327636719e-01
5.212355256080627441e-01
5.965250730514526367e-01
4.131274223327636719e-01
5.212355256080627441e-01
5.965250730514526367e-01
5.810810923576354980e-01
5.212355256080627441e-01
5.965250730514526367e-01
5.810810923576354980e-01
4.845559895038604736e-01
5.965250730514526367e-01
5.810810923576354980e-01
4.845559895038604736e-01
3.899613916873931885e-01
5.810810923576354980e-01
4.845559895038604736e-01
3.899613916873931885e-01
3.223938345909118652e-01
4.845559895038604736e-01
3.899613916873931885e-01
3.223938345909118652e-01
3.899613916873931885e-01
3.899613916873931885e-01
3.223938345909118652e-01
3.899613916873931885e-01
4.073359072208404541e-01
3.223938345909118652e-01
3.899613916873931885e-01
4.073359072208404541e-01
3.803088665008544922e-01
3.899613916873931885e-01
4.073359072208404541e-01
3.803088665008544922e-01
4.864864945411682129e-01
4.073359072208404541e-01
3.803088665008544922e-01
4.864864945411682129e-01
4.710424840450286865e-01
3.803088665008544922e-01
4.864864945411682129e-01
4.710424840450286865e-01
4.845559895038604736e-01
4.864864945411682129e-01
4.710424840450286865e-01
4.845559895038604736e-01
6.138995885848999023e-01
4.710424840450286865e-01
4.845559895038604736e-01
6.138995885848999023e-01
6.969112157821655273e-01
4.845559895038604736e-01
6.138995885848999023e-01
6.969112157821655273e-01
7.007722258567810059e-01
6.138995885848999023e-01
6.969112157821655273e-01
7.007722258567810059e-01
5.791505575180053711e-01
6.969112157821655273e-01
7.007722258567810059e-01
5.791505575180053711e-01
4.691119790077209473e-01
7.007722258567810059e-01
5.791505575180053711e-01
4.691119790077209473e-01
3.880308866500854492e-01
5.791505575180053711e-01
4.691119790077209473e-01
3.880308866500854492e-01
4.478764533996582031e-01
4.691119790077209473e-01
3.880308866500854492e-01
4.478764533996582031e-01
4.555984437465667725e-01
3.880308866500854492e-01
4.478764533996582031e-01
4.555984437465667725e-01
4.131274223327636719e-01
4.478764533996582031e-01
4.555984437465667725e-01
4.131274223327636719e-01
4.980694949626922607e-01
4.555984437465667725e-01
4.131274223327636719e-01
4.980694949626922607e-01
4.710424840450286865e-01
4.131274223327636719e-01
4.980694949626922607e-01
4.710424840450286865e-01
5.000000000000000000e-01
4.980694949626922607e-01
4.710424840450286865e-01
5.000000000000000000e-01
6.389961242675781250e-01
4.710424840450286865e-01
5.000000000000000000e-01
6.389961242675781250e-01
7.471042275428771973e-01
5.000000000000000000e-01
6.389961242675781250e-01
7.471042275428771973e-01
7.741312980651855469e-01
6.389961242675781250e-01
7.471042275428771973e-01
7.741312980651855469e-01
5.791505575180053711e-01
7.471042275428771973e-01
7.741312980651855469e-01
5.791505575180053711e-01
4.922779798507690430e-01
7.741312980651855469e-01
5.791505575180053711e-01
4.922779798507690430e-01
3.976834118366241455e-01
5.791505575180053711e-01
4.922779798507690430e-01
3.976834118366241455e-01
4.498069584369659424e-01
4.922779798507690430e-01
3.976834118366241455e-01
4.498069584369659424e-01
4.942084848880767822e-01
3.976834118366241455e-01
4.498069584369659424e-01
4.942084848880767822e-01
4.594594538211822510e-01
4.498069584369659424e-01
4.942084848880767822e-01
4.594594538211822510e-01
5.830115675926208496e-01
4.942084848880767822e-01
4.594594538211822510e-01
5.830115675926208496e-01
5.637065768241882324e-01
4.594594538211822510e-01
5.830115675926208496e-01
5.637065768241882324e-01
6.100386381149291992e-01
5.830115675926208496e-01
5.637065768241882324e-01
6.100386381149291992e-01
7.104247212409973145e-01
5.637065768241882324e-01
6.100386381149291992e-01
7.104247212409973145e-01
8.571428656578063965e-01
6.100386381149291992e-01
7.104247212409973145e-01
8.571428656578063965e-01
8.783783912658691406e-01
7.104247212409973145e-01
8.571428656578063965e-01
8.783783912658691406e-01
6.930502057075500488e-01
8.571428656578063965e-01
8.783783912658691406e-01
6.930502057075500488e-01
5.849421024322509766e-01
8.783783912658691406e-01
6.930502057075500488e-01
5.849421024322509766e-01
4.980694949626922607e-01
6.930502057075500488e-01
5.849421024322509766e-01
4.980694949626922607e-01
5.810810923576354980e-01
5.849421024322509766e-01
4.980694949626922607e-01
5.810810923576354980e-01
6.042470932006835938e-01
4.980694949626922607e-01
5.810810923576354980e-01
6.042470932006835938e-01
5.540540814399719238e-01
5.810810923576354980e-01
6.042470932006835938e-01
5.540540814399719238e-01
6.081081032752990723e-01
6.042470932006835938e-01
5.540540814399719238e-01
6.081081032752990723e-01
6.891891956329345703e-01
5.540540814399719238e-01
6.081081032752990723e-01
6.891891956329345703e-01
7.104247212409973145e-01
6.081081032752990723e-01
6.891891956329345703e-01
7.104247212409973145e-01
8.320463299751281738e-01
6.891891956329345703e-01
7.104247212409973145e-01
8.320463299751281738e-01
1.000000000000000000e+00
7.104247212409973145e-01
8.320463299751281738e-01
1.000000000000000000e+00
9.691119790077209473e-01
8.320463299751281738e-01
1.000000000000000000e+00
9.691119790077209473e-01
7.799227833747863770e-01
1.000000000000000000e+00
9.691119790077209473e-01
7.799227833747863770e-01
6.891891956329345703e-01
